
-----------------------------------------
trainSubjects: [1, 2, 3, 4, 5, 6, 7, 8]
testSubjects: [9]
inputColumns: [14]
targetColumn: [15]
gnb : 49.9603174603
knn : 48.9781746032
ann : 49.9603174603
svm : 49.9603174603
-----------------------------------------
