inputColumns: [3, 4, 5, 6, 7, 8, 9, 10, 11, 12, 13, 14]
targetColumn: [15]
gnb : 53.2028013105
-----------------------------------------
inputColumns: [3, 4, 5, 6, 7, 8, 9, 10, 11, 12, 13, 14]
targetColumn: [15]
knn : 52.7716191159
-----------------------------------------
inputColumns: [3, 4, 5, 6, 7, 8, 9, 10, 11, 12, 13, 14]
targetColumn: [15]
ann : 50.1387041089
-----------------------------------------
inputColumns: [3, 4, 5, 6, 7, 8, 9, 10, 11, 12, 13, 14]
targetColumn: [15]
svm : 49.7489726614
-----------------------------------------
