inputColumns: [3, 4, 6, 7, 8, 9, 10, 11, 12, 13, 14]
targetColumn: [15]
gnb : 53.2207788521
-----------------------------------------
inputColumns: [3, 4, 6, 7, 8, 9, 10, 11, 12, 13, 14]
targetColumn: [15]
knn : 52.7867049548
-----------------------------------------
inputColumns: [3, 4, 6, 7, 8, 9, 10, 11, 12, 13, 14]
targetColumn: [15]
ann : 50.5765398082
-----------------------------------------
inputColumns: [3, 4, 6, 7, 8, 9, 10, 11, 12, 13, 14]
targetColumn: [15]
svm : 49.7489726614
-----------------------------------------
